University Name (IT IS NOT NECESSARILY THE CORRECT UNIVERSITY): 357555283 Cornell University
Bounds: {'minlat': '42.4428400', 'maxlon': '-76.4717500', 'minlon': '-76.4908900', 'maxlat': '42.4571900'}
lat, lon, name, around_latitudes
42.4499000,-76.4726000,Comstock Knoll, [[42.4497909088926, -76.4724909088926], [42.4500090911074, -76.4724909088926], [42.4500090911074, -76.4727090911074], [42.4497909088926, -76.4727090911074]]
42.4494000,-76.4768000,Deans Garden, [[42.4492909088926, -76.47669090889259], [42.449509091107394, -76.47669090889259], [42.449509091107394, -76.4769090911074], [42.4492909088926, -76.4769090911074]]
42.4491000,-76.4761000,Students Centennial Garden, [[42.448990908892604, -76.4759909088926], [42.4492090911074, -76.4759909088926], [42.4492090911074, -76.4762090911074], [42.448990908892604, -76.4762090911074]]
42.4481000,-76.4814000,Farrand Garden, [[42.4479909088926, -76.48129090889259], [42.448209091107394, -76.48129090889259], [42.448209091107394, -76.4815090911074], [42.4479909088926, -76.4815090911074]]
42.4478000,-76.4805000,Rockwell Azalea Garden, [[42.4476909088926, -76.4803909088926], [42.4479090911074, -76.4803909088926], [42.4479090911074, -76.48060909110741], [42.4476909088926, -76.48060909110741]]
42.4456000,-76.4854000,Gannett Health Center, [[42.4454909088926, -76.4852909088926], [42.445709091107396, -76.4852909088926], [42.445709091107396, -76.4855090911074], [42.4454909088926, -76.4855090911074]]
42.4467000,-76.4822000,Peter Plaza, [[42.4465909088926, -76.4820909088926], [42.4468090911074, -76.4820909088926], [42.4468090911074, -76.48230909110741], [42.4465909088926, -76.48230909110741]]
42.4466000,-76.4727000,Robert J Kane Sports Complex, [[42.4464909088926, -76.4725909088926], [42.446709091107394, -76.4725909088926], [42.446709091107394, -76.47280909110741], [42.4464909088926, -76.47280909110741]]
42.4467000,-76.4755000,Robison Alumni Fields, [[42.4465909088926, -76.47539090889259], [42.4468090911074, -76.47539090889259], [42.4468090911074, -76.4756090911074], [42.4465909088926, -76.4756090911074]]
42.4472000,-76.4843000,Sage Chapel, [[42.447090908892605, -76.4841909088926], [42.4473090911074, -76.4841909088926], [42.4473090911074, -76.48440909110741], [42.447090908892605, -76.48440909110741]]
42.4489000,-76.4881000,Baker Tower, [[42.448790908892605, -76.4879909088926], [42.4490090911074, -76.4879909088926], [42.4490090911074, -76.48820909110741], [42.448790908892605, -76.48820909110741]]
42.4555000,-76.4759000,Jerome H Holland International Living Center, [[42.4553909088926, -76.47579090889259], [42.4556090911074, -76.47579090889259], [42.4556090911074, -76.4760090911074], [42.4553909088926, -76.4760090911074]]
42.4530000,-76.4793000,Carol Tatkon Center, [[42.452890908892606, -76.47919090889259], [42.4531090911074, -76.47919090889259], [42.4531090911074, -76.4794090911074], [42.452890908892606, -76.4794090911074]]
42.4527000,-76.4745000,Fuertes Observatory, [[42.4525909088926, -76.4743909088926], [42.4528090911074, -76.4743909088926], [42.4528090911074, -76.47460909110741], [42.4525909088926, -76.47460909110741]]
42.4482000,-76.4719000,McClintock Shed, [[42.4480909088926, -76.4717909088926], [42.4483090911074, -76.4717909088926], [42.4483090911074, -76.47200909110741], [42.4480909088926, -76.47200909110741]]
42.4433000,-76.4829000,Ward Center For Nuclear Sciences, [[42.4431909088926, -76.4827909088926], [42.4434090911074, -76.4827909088926], [42.4434090911074, -76.4830090911074], [42.4431909088926, -76.4830090911074]]
42.4457000,-76.4774000,Lynah Rink, [[42.445590908892605, -76.4772909088926], [42.4458090911074, -76.4772909088926], [42.4458090911074, -76.47750909110741], [42.445590908892605, -76.47750909110741]]
42.4475000,-76.4850000,Jennie McGraw Tower, [[42.4473909088926, -76.4848909088926], [42.447609091107395, -76.4848909088926], [42.447609091107395, -76.4851090911074], [42.4473909088926, -76.4851090911074]]
42.4489979,-76.4889675,Boldt Tower, [[42.448888808892605, -76.4888584088926], [42.4491069911074, -76.4888584088926], [42.4491069911074, -76.4890765911074], [42.448888808892605, -76.4890765911074]]
42.4478000,-76.4842000,Olin Library, [[42.4476909088926, -76.4840909088926], [42.4479090911074, -76.4840909088926], [42.4479090911074, -76.4843090911074], [42.4476909088926, -76.4843090911074]]
42.4487000,-76.4763000,Mann Library Building, [[42.448590908892605, -76.47619090889259], [42.4488090911074, -76.47619090889259], [42.4488090911074, -76.4764090911074], [42.448590908892605, -76.4764090911074]]
42.4477000,-76.4853000,Uris Library, [[42.4475909088926, -76.48519090889259], [42.447809091107395, -76.48519090889259], [42.447809091107395, -76.4854090911074], [42.4475909088926, -76.4854090911074]]
42.4549000,-76.4777000,Mary Donlon Hall, [[42.454790908892605, -76.4775909088926], [42.4550090911074, -76.4775909088926], [42.4550090911074, -76.4778090911074], [42.454790908892605, -76.4778090911074]]
42.4547000,-76.4793000,Clara Dickson Hall, [[42.454590908892605, -76.47919090889259], [42.4548090911074, -76.47919090889259], [42.4548090911074, -76.4794090911074], [42.454590908892605, -76.4794090911074]]
42.4555000,-76.4780000,George Jameson Hall, [[42.4553909088926, -76.47789090889259], [42.4556090911074, -76.47789090889259], [42.4556090911074, -76.4781090911074], [42.4553909088926, -76.4781090911074]]
42.4496000,-76.4730000,Nearing Summer House, [[42.4494909088926, -76.4728909088926], [42.449709091107394, -76.4728909088926], [42.449709091107394, -76.4731090911074], [42.4494909088926, -76.4731090911074]]
42.4535000,-76.4798000,Balch Hall, [[42.4533909088926, -76.4796909088926], [42.453609091107396, -76.4796909088926], [42.453609091107396, -76.4799090911074], [42.4533909088926, -76.4799090911074]]
42.4499000,-76.4786000,Martha Van Rensselaer Hall, [[42.4497909088926, -76.4784909088926], [42.4500090911074, -76.4784909088926], [42.4500090911074, -76.4787090911074], [42.4497909088926, -76.4787090911074]]
42.4477000,-76.4741000,Rice Hall, [[42.4475909088926, -76.4739909088926], [42.447809091107395, -76.4739909088926], [42.447809091107395, -76.47420909110741], [42.4475909088926, -76.47420909110741]]
42.4484000,-76.4750000,Fernow Hall, [[42.4482909088926, -76.47489090889259], [42.4485090911074, -76.47489090889259], [42.4485090911074, -76.4751090911074], [42.4482909088926, -76.4751090911074]]
42.4489000,-76.4742000,Beebe Hall, [[42.448790908892605, -76.47409090889259], [42.4490090911074, -76.47409090889259], [42.4490090911074, -76.4743090911074], [42.448790908892605, -76.4743090911074]]
42.4482000,-76.4740000,Bruckner Laboratory, [[42.4480909088926, -76.4738909088926], [42.4483090911074, -76.4738909088926], [42.4483090911074, -76.47410909110741], [42.4480909088926, -76.47410909110741]]
42.4530000,-76.4819000,Risley Hall, [[42.452890908892606, -76.48179090889259], [42.4531090911074, -76.48179090889259], [42.4531090911074, -76.4820090911074], [42.452890908892606, -76.4820090911074]]
42.4470000,-76.4885000,Hans Bethe House, [[42.446890908892605, -76.4883909088926], [42.4471090911074, -76.4883909088926], [42.4471090911074, -76.4886090911074], [42.446890908892605, -76.4886090911074]]
42.4458000,-76.4870000,Telluride House, [[42.4456909088926, -76.48689090889259], [42.445909091107396, -76.48689090889259], [42.445909091107396, -76.4871090911074], [42.4456909088926, -76.4871090911074]]
42.4437000,-76.4865000,Hughes Hall, [[42.4435909088926, -76.4863909088926], [42.4438090911074, -76.4863909088926], [42.4438090911074, -76.48660909110741], [42.4435909088926, -76.48660909110741]]
42.4448000,-76.4857000,Anabel Taylor Hall, [[42.4446909088926, -76.48559090889259], [42.4449090911074, -76.48559090889259], [42.4449090911074, -76.4858090911074], [42.4446909088926, -76.4858090911074]]
42.4439000,-76.4858000,Myron Taylor Hall, [[42.4437909088926, -76.4856909088926], [42.4440090911074, -76.4856909088926], [42.4440090911074, -76.4859090911074], [42.4437909088926, -76.4859090911074]]
42.4483000,-76.4879000,Founders Hall, [[42.448190908892606, -76.48779090889259], [42.4484090911074, -76.48779090889259], [42.4484090911074, -76.4880090911074], [42.448190908892606, -76.4880090911074]]
42.4487188,-76.4886376,North Baker Hall, [[42.448609708892604, -76.4885285088926], [42.4488278911074, -76.4885285088926], [42.4488278911074, -76.48874669110741], [42.448609708892604, -76.48874669110741]]
42.4489979,-76.4887019,Boldt Hall, [[42.448888808892605, -76.48859280889259], [42.4491069911074, -76.48859280889259], [42.4491069911074, -76.4888109911074], [42.448888808892605, -76.4888109911074]]
42.4484971,-76.4883345,South Baker Hall, [[42.4483880088926, -76.48822540889259], [42.448606191107395, -76.48822540889259], [42.448606191107395, -76.4884435911074], [42.4483880088926, -76.4884435911074]]
42.4488000,-76.4898000,Alice H Cook House, [[42.4486909088926, -76.4896909088926], [42.448909091107396, -76.4896909088926], [42.448909091107396, -76.4899090911074], [42.4486909088926, -76.4899090911074]]
42.4482000,-76.4893000,Carl L Becker House, [[42.4480909088926, -76.4891909088926], [42.4483090911074, -76.4891909088926], [42.4483090911074, -76.4894090911074], [42.4480909088926, -76.4894090911074]]
42.4447000,-76.4825000,Duffield Hall, [[42.4445909088926, -76.4823909088926], [42.444809091107395, -76.4823909088926], [42.444809091107395, -76.4826090911074], [42.4445909088926, -76.4826090911074]]
42.4465000,-76.4854000,Willard Straight Hall, [[42.4463909088926, -76.4852909088926], [42.4466090911074, -76.4852909088926], [42.4466090911074, -76.4855090911074], [42.4463909088926, -76.4855090911074]]
42.4464000,-76.4843000,Bames Hall, [[42.4462909088926, -76.4841909088926], [42.446509091107394, -76.4841909088926], [42.446509091107394, -76.48440909110741], [42.4462909088926, -76.48440909110741]]
42.4436000,-76.4821000,Grumman Hall, [[42.443490908892606, -76.4819909088926], [42.4437090911074, -76.4819909088926], [42.4437090911074, -76.4822090911074], [42.443490908892606, -76.4822090911074]]
42.4440000,-76.4825000,Upson Hall, [[42.443890908892605, -76.4823909088926], [42.4441090911074, -76.4823909088926], [42.4441090911074, -76.4826090911074], [42.443890908892605, -76.4826090911074]]
42.4445000,-76.4821000,Phillips Hall, [[42.4443909088926, -76.4819909088926], [42.444609091107395, -76.4819909088926], [42.444609091107395, -76.4822090911074], [42.4443909088926, -76.4822090911074]]
42.4439000,-76.4846000,Snee Hall, [[42.4437909088926, -76.4844909088926], [42.4440090911074, -76.4844909088926], [42.4440090911074, -76.4847090911074], [42.4437909088926, -76.4847090911074]]
42.4438000,-76.4840000,Bard Hall, [[42.443690908892606, -76.48389090889259], [42.4439090911074, -76.48389090889259], [42.4439090911074, -76.4841090911074], [42.443690908892606, -76.4841090911074]]
42.4439000,-76.4837000,Thurston Hall, [[42.4437909088926, -76.4835909088926], [42.4440090911074, -76.4835909088926], [42.4440090911074, -76.4838090911074], [42.4437909088926, -76.4838090911074]]
42.4439000,-76.4832000,Kimball Hall, [[42.4437909088926, -76.48309090889259], [42.4440090911074, -76.48309090889259], [42.4440090911074, -76.4833090911074], [42.4437909088926, -76.4833090911074]]
42.4449000,-76.4787000,Schoellkopf Memorial Hall, [[42.4447909088926, -76.4785909088926], [42.445009091107394, -76.4785909088926], [42.445009091107394, -76.47880909110741], [42.4447909088926, -76.47880909110741]]
42.4446000,-76.4847000,DeFrees Laboratory, [[42.444490908892604, -76.4845909088926], [42.4447090911074, -76.4845909088926], [42.4447090911074, -76.48480909110741], [42.444490908892604, -76.48480909110741]]
42.4475000,-76.4878000,War Memorial Hall, [[42.4473909088926, -76.48769090889259], [42.447609091107395, -76.48769090889259], [42.447609091107395, -76.4879090911074], [42.4473909088926, -76.4879090911074]]
42.4472000,-76.4880000,McFaddin Hall, [[42.447090908892605, -76.4878909088926], [42.4473090911074, -76.4878909088926], [42.4473090911074, -76.4881090911074], [42.447090908892605, -76.4881090911074]]
42.4480000,-76.4880000,Mennen Hall, [[42.4478909088926, -76.4878909088926], [42.4481090911074, -76.4878909088926], [42.4481090911074, -76.4881090911074], [42.4478909088926, -76.4881090911074]]
42.4478000,-76.4880000,Lyon Hall, [[42.4476909088926, -76.4878909088926], [42.4479090911074, -76.4878909088926], [42.4479090911074, -76.4881090911074], [42.4476909088926, -76.4881090911074]]
42.4494000,-76.4853000,McGraw Hall, [[42.4492909088926, -76.48519090889259], [42.449509091107394, -76.48519090889259], [42.449509091107394, -76.4854090911074], [42.4492909088926, -76.4854090911074]]
42.4478035,-76.4833885,Stimson Hall, [[42.4476944088926, -76.4832794088926], [42.4479125911074, -76.4832794088926], [42.4479125911074, -76.48349759110741], [42.4476944088926, -76.48349759110741]]
42.4508000,-76.4853000,Olive Tjaden Hall, [[42.450690908892604, -76.48519090889259], [42.4509090911074, -76.48519090889259], [42.4509090911074, -76.4854090911074], [42.450690908892604, -76.4854090911074]]
42.4502000,-76.4853000,White Hall, [[42.450090908892605, -76.48519090889259], [42.4503090911074, -76.48519090889259], [42.4503090911074, -76.4854090911074], [42.450090908892605, -76.4854090911074]]
42.4501000,-76.4836000,Lincoln Hall, [[42.4499909088926, -76.48349090889259], [42.450209091107396, -76.48349090889259], [42.450209091107396, -76.4837090911074], [42.4499909088926, -76.4837090911074]]
42.4458000,-76.4833000,Sage Hall, [[42.4456909088926, -76.4831909088926], [42.445909091107396, -76.4831909088926], [42.445909091107396, -76.4834090911074], [42.4456909088926, -76.4834090911074]]
42.4509000,-76.4840000,Sibley Hall, [[42.4507909088926, -76.48389090889259], [42.451009091107395, -76.48389090889259], [42.451009091107395, -76.4841090911074], [42.4507909088926, -76.4841090911074]]
42.4512000,-76.4828000,Rand Hall, [[42.4510909088926, -76.4826909088926], [42.4513090911074, -76.4826909088926], [42.4513090911074, -76.4829090911074], [42.4510909088926, -76.4829090911074]]
42.4473155,-76.4830743,Day Hall, [[42.447206408892605, -76.4829652088926], [42.4474245911074, -76.4829652088926], [42.4474245911074, -76.4831833911074], [42.447206408892605, -76.4831833911074]]
42.4506000,-76.4805000,Newman Laboratory Annex, [[42.450490908892604, -76.4803909088926], [42.4507090911074, -76.4803909088926], [42.4507090911074, -76.48060909110741], [42.450490908892604, -76.48060909110741]]
42.4486000,-76.4793000,Roberts Hall, [[42.4484909088926, -76.47919090889259], [42.448709091107396, -76.47919090889259], [42.448709091107396, -76.4794090911074], [42.4484909088926, -76.4794090911074]]
42.4492000,-76.4771000,Warren Hall, [[42.4490909088926, -76.47699090889259], [42.449309091107395, -76.47699090889259], [42.449309091107395, -76.4772090911074], [42.4490909088926, -76.4772090911074]]
42.4492000,-76.4782000,Caldwell Hall, [[42.4490909088926, -76.4780909088926], [42.449309091107395, -76.4780909088926], [42.449309091107395, -76.4783090911074], [42.4490909088926, -76.4783090911074]]
42.4479000,-76.4757000,Bradfield Hall, [[42.4477909088926, -76.4755909088926], [42.448009091107394, -76.4755909088926], [42.448009091107394, -76.47580909110741], [42.4477909088926, -76.47580909110741]]
42.4483000,-76.4757000,Emerson Hall, [[42.448190908892606, -76.4755909088926], [42.4484090911074, -76.4755909088926], [42.4484090911074, -76.47580909110741], [42.448190908892606, -76.47580909110741]]
42.4449000,-76.4731000,Wilson Synchrotron Laboratory, [[42.4447909088926, -76.4729909088926], [42.445009091107394, -76.4729909088926], [42.445009091107394, -76.4732090911074], [42.4447909088926, -76.4732090911074]]
42.4457000,-76.4764000,Bartels Hall, [[42.445590908892605, -76.4762909088926], [42.4458090911074, -76.4762909088926], [42.4458090911074, -76.4765090911074], [42.445590908892605, -76.4765090911074]]
42.4472000,-76.4783000,Dale R Corson Hall, [[42.447090908892605, -76.4781909088926], [42.4473090911074, -76.4781909088926], [42.4473090911074, -76.47840909110741], [42.447090908892605, -76.47840909110741]]
42.4472000,-76.4792000,Seeley G Mudd Hall, [[42.447090908892605, -76.4790909088926], [42.4473090911074, -76.4790909088926], [42.4473090911074, -76.47930909110741], [42.447090908892605, -76.47930909110741]]
42.4454000,-76.4821000,Statler Hall, [[42.4452909088926, -76.4819909088926], [42.4455090911074, -76.4819909088926], [42.4455090911074, -76.4822090911074], [42.4452909088926, -76.4822090911074]]
42.4463000,-76.4879000,Noyes Community Recreation Center, [[42.4461909088926, -76.48779090889259], [42.4464090911074, -76.48779090889259], [42.4464090911074, -76.4880090911074], [42.4461909088926, -76.4880090911074]]
42.4513000,-76.4793000,Weinhold Chilled Water Plant 1, [[42.451190908892606, -76.47919090889259], [42.4514090911074, -76.47919090889259], [42.4514090911074, -76.4794090911074], [42.451190908892606, -76.4794090911074]]
42.4467338,-76.4841991,Cornell Store, [[42.4466247088926, -76.4840900088926], [42.446842891107394, -76.4840900088926], [42.446842891107394, -76.4843081911074], [42.4466247088926, -76.4843081911074]]
42.4528956,-76.4815703,Risley Theater, [[42.4527865088926, -76.4814612088926], [42.453004691107395, -76.4814612088926], [42.453004691107395, -76.4816793911074], [42.4527865088926, -76.4816793911074]]
42.4558000,-76.4775000,Robert Purcell Community Center, [[42.455690908892606, -76.4773909088926], [42.4559090911074, -76.4773909088926], [42.4559090911074, -76.47760909110741], [42.455690908892606, -76.47760909110741]]
42.4546717,-76.4767304,Mews Hall, [[42.4545626088926, -76.47662130889259], [42.454780791107396, -76.47662130889259], [42.454780791107396, -76.4768394911074], [42.4545626088926, -76.4768394911074]]
42.4540700,-76.4818448,Zeta Psi - Psi Chapter, [[42.453960908892604, -76.4817357088926], [42.4541790911074, -76.4817357088926], [42.4541790911074, -76.48195389110741], [42.453960908892604, -76.48195389110741]]
42.4464545,-76.4820786,The Statler Hotel, [[42.446345408892604, -76.48196950889259], [42.4465635911074, -76.48196950889259], [42.4465635911074, -76.4821876911074], [42.446345408892604, -76.4821876911074]]
42.4484967,-76.4836380,Goldwin Smith Hall, [[42.4483876088926, -76.4835289088926], [42.4486057911074, -76.4835289088926], [42.4486057911074, -76.4837470911074], [42.4483876088926, -76.4837470911074]]
42.4496253,-76.4835859,Goldwin Smith Hall, [[42.449516208892604, -76.48347680889259], [42.4497343911074, -76.48347680889259], [42.4497343911074, -76.4836949911074], [42.449516208892604, -76.4836949911074]]
42.4488595,-76.4821344,Rockefeller Hall, [[42.4487504088926, -76.4820253088926], [42.448968591107395, -76.4820253088926], [42.448968591107395, -76.48224349110741], [42.4487504088926, -76.48224349110741]]
42.4478567,-76.4850994,Uris Library, [[42.447747608892605, -76.48499030889259], [42.4479657911074, -76.48499030889259], [42.4479657911074, -76.4852084911074], [42.447747608892605, -76.4852084911074]]
42.4493681,-76.4821708,Rockefeller Hall, [[42.449259008892604, -76.4820617088926], [42.4494771911074, -76.4820617088926], [42.4494771911074, -76.48227989110741], [42.449259008892604, -76.48227989110741]]
42.4473004,-76.4828552,Day Hall, [[42.447191308892606, -76.4827461088926], [42.4474094911074, -76.4827461088926], [42.4474094911074, -76.48296429110741], [42.447191308892606, -76.48296429110741]]
42.4469093,-76.4823503,Uris Hall, [[42.446800208892604, -76.48224120889259], [42.4470183911074, -76.48224120889259], [42.4470183911074, -76.4824593911074], [42.446800208892604, -76.4824593911074]]
42.4484641,-76.4811563,Big Red Barn, [[42.448355008892605, -76.48104720889259], [42.4485731911074, -76.48104720889259], [42.4485731911074, -76.4812653911074], [42.448355008892605, -76.4812653911074]]
42.4495400,-76.4811435,Clark Hall, [[42.4494309088926, -76.4810344088926], [42.449649091107396, -76.4810344088926], [42.449649091107396, -76.4812525911074], [42.4494309088926, -76.4812525911074]]
42.4452945,-76.4844440,Olin Hall, [[42.445185408892605, -76.48433490889259], [42.4454035911074, -76.48433490889259], [42.4454035911074, -76.4845530911074], [42.445185408892605, -76.4845530911074]]
42.4517845,-76.4808887,Alumni House, [[42.451675408892605, -76.48077960889259], [42.4518935911074, -76.48077960889259], [42.4518935911074, -76.4809977911074], [42.451675408892605, -76.4809977911074]]
42.4492342,-76.4801346,Bailey Hall, [[42.4491251088926, -76.4800255088926], [42.4493432911074, -76.4800255088926], [42.4493432911074, -76.4802436911074], [42.4491251088926, -76.4802436911074]]
42.4506769,-76.4863094,Johnson Museum of Art, [[42.4505678088926, -76.48620030889259], [42.450785991107395, -76.48620030889259], [42.450785991107395, -76.4864184911074], [42.4505678088926, -76.4864184911074]]
42.4462892,-76.4857994,Cornell Cinema, [[42.446180108892605, -76.4856903088926], [42.4463982911074, -76.4856903088926], [42.4463982911074, -76.48590849110741], [42.446180108892605, -76.48590849110741]]
42.4491225,-76.4833983,Tompkins, [[42.449013408892604, -76.4832892088926], [42.4492315911074, -76.4832892088926], [42.4492315911074, -76.48350739110741], [42.449013408892604, -76.48350739110741]]
42.4531166,-76.4773509,Helen Newman Hall, [[42.453007508892604, -76.4772418088926], [42.4532256911074, -76.4772418088926], [42.4532256911074, -76.47745999110741], [42.453007508892604, -76.47745999110741]]
42.4533598,-76.4812249,Louie's Lunch, [[42.453250708892604, -76.4811158088926], [42.4534688911074, -76.4811158088926], [42.4534688911074, -76.4813339911074], [42.453250708892604, -76.4813339911074]]
42.4532608,-76.4822066,Risley Dining, [[42.453151708892605, -76.4820975088926], [42.4533698911074, -76.4820975088926], [42.4533698911074, -76.4823156911074], [42.453151708892605, -76.4823156911074]]
42.4488791,-76.4836389,Temple of Zeus, [[42.4487700088926, -76.4835298088926], [42.4489881911074, -76.4835298088926], [42.4489881911074, -76.4837479911074], [42.4487700088926, -76.4837479911074]]
42.4464368,-76.4860100,Willard Straight Lot, [[42.4463277088926, -76.48590090889259], [42.4465458911074, -76.48590090889259], [42.4465458911074, -76.4861190911074], [42.4463277088926, -76.4861190911074]]
42.4508701,-76.4842129,The Green Dragon, [[42.450761008892606, -76.4841038088926], [42.4509791911074, -76.4841038088926], [42.4509791911074, -76.48432199110741], [42.450761008892606, -76.48432199110741]]
42.4466862,-76.4857149,Ivy Room, [[42.446577108892605, -76.4856058088926], [42.4467952911074, -76.4856058088926], [42.4467952911074, -76.48582399110741], [42.446577108892605, -76.48582399110741]]
42.4455818,-76.4856023,Gannett Lot, [[42.4454727088926, -76.48549320889259], [42.4456908911074, -76.48549320889259], [42.4456908911074, -76.4857113911074], [42.4454727088926, -76.4857113911074]]
42.4436223,-76.4863748,Hughes Dining, [[42.443513208892604, -76.48626570889259], [42.4437313911074, -76.48626570889259], [42.4437313911074, -76.4864838911074], [42.443513208892604, -76.4864838911074]]
42.4479489,-76.4846903,Libe Cafe, [[42.4478398088926, -76.48458120889259], [42.4480579911074, -76.48458120889259], [42.4480579911074, -76.4847993911074], [42.4478398088926, -76.4847993911074]]
42.4463774,-76.4855862,Cascadelli, [[42.446268308892606, -76.4854771088926], [42.4464864911074, -76.4854771088926], [42.4464864911074, -76.4856952911074], [42.446268308892606, -76.4856952911074]]
42.4440102,-76.4858115,Cornell Law Library, [[42.443901108892604, -76.48570240889259], [42.4441192911074, -76.48570240889259], [42.4441192911074, -76.4859205911074], [42.443901108892604, -76.4859205911074]]
42.4447465,-76.4841807,Cornell Engineering Library, [[42.4446374088926, -76.48407160889259], [42.4448555911074, -76.48407160889259], [42.4448555911074, -76.4842897911074], [42.4446374088926, -76.4842897911074]]
42.4465516,-76.4801359,US Post Office, [[42.4464425088926, -76.48002680889259], [42.4466606911074, -76.48002680889259], [42.4466606911074, -76.4802449911074], [42.4464425088926, -76.4802449911074]]
42.4464922,-76.4852390,Willard Straight Hall, [[42.446383108892604, -76.4851299088926], [42.4466012911074, -76.4851299088926], [42.4466012911074, -76.48534809110741], [42.446383108892604, -76.48534809110741]]
42.4456688,-76.4851626,Gannett Health Center, [[42.4455597088926, -76.48505350889259], [42.4457778911074, -76.48505350889259], [42.4457778911074, -76.4852716911074], [42.4455597088926, -76.4852716911074]]
42.4479450,-76.4790952,Trillium, [[42.4478359088926, -76.4789861088926], [42.448054091107394, -76.4789861088926], [42.448054091107394, -76.47920429110741], [42.4478359088926, -76.47920429110741]]
42.4485741,-76.4765257,Mandibles, [[42.448465008892605, -76.47641660889259], [42.4486831911074, -76.47641660889259], [42.4486831911074, -76.4766347911074], [42.448465008892605, -76.4766347911074]]
42.4502091,-76.4791167,Martha's, [[42.450100008892605, -76.4790076088926], [42.4503181911074, -76.4790076088926], [42.4503181911074, -76.47922579110741], [42.450100008892605, -76.47922579110741]]
42.4498370,-76.4815897,Goldies, [[42.449727908892605, -76.4814806088926], [42.4499460911074, -76.4814806088926], [42.4499460911074, -76.4816987911074], [42.449727908892605, -76.4816987911074]]
42.4468564,-76.4776898,Synapsis, [[42.446747308892604, -76.47758070889259], [42.4469654911074, -76.47758070889259], [42.4469654911074, -76.4777988911074], [42.446747308892604, -76.4777988911074]]
42.4484318,-76.4810264,Big Red Barn, [[42.448322708892604, -76.4809173088926], [42.4485408911074, -76.4809173088926], [42.4485408911074, -76.48113549110741], [42.448322708892604, -76.48113549110741]]
42.4478500,-76.4794439,Trillium Express, [[42.447740908892605, -76.4793348088926], [42.4479590911074, -76.4793348088926], [42.4479590911074, -76.47955299110741], [42.447740908892605, -76.47955299110741]]
42.4535001,-76.4762988,North Star Express, [[42.4533910088926, -76.47618970889259], [42.4536091911074, -76.47618970889259], [42.4536091911074, -76.4764078911074], [42.4533910088926, -76.4764078911074]]
42.4536662,-76.4762265,Ezra's Emporium, [[42.4535571088926, -76.47611740889259], [42.4537752911074, -76.47611740889259], [42.4537752911074, -76.4763355911074], [42.4535571088926, -76.4763355911074]]
42.4535179,-76.4759957,NorthStar Dining, [[42.453408808892604, -76.4758866088926], [42.4536269911074, -76.4758866088926], [42.4536269911074, -76.4761047911074], [42.453408808892604, -76.4761047911074]]
42.4559585,-76.4775436,Robert Purcell Eatery, [[42.455849408892604, -76.4774345088926], [42.4560675911074, -76.4774345088926], [42.4560675911074, -76.47765269110741], [42.455849408892604, -76.47765269110741]]
42.4557685,-76.4776509,Bear Necessities, [[42.4556594088926, -76.4775418088926], [42.455877591107395, -76.4775418088926], [42.455877591107395, -76.4777599911074], [42.4556594088926, -76.4777599911074]]
42.4531800,-76.4793192,Carol's Cafe, [[42.453070908892606, -76.4792101088926], [42.4532890911074, -76.4792101088926], [42.4532890911074, -76.47942829110741], [42.453070908892606, -76.47942829110741]]
42.4482665,-76.4832813,Kroch Library, [[42.448157408892605, -76.4831722088926], [42.4483755911074, -76.4831722088926], [42.4483755911074, -76.4833903911074], [42.448157408892605, -76.4833903911074]]
42.4465279,-76.4857632,Okenshields, [[42.4464188088926, -76.48565410889259], [42.4466369911074, -76.48565410889259], [42.4466369911074, -76.4858722911074], [42.4464188088926, -76.4858722911074]]
42.4450799,-76.4840407,Information Booth (Cornell University), [[42.444970808892606, -76.48393160889259], [42.4451889911074, -76.48393160889259], [42.4451889911074, -76.4841497911074], [42.444970808892606, -76.4841497911074]]
42.4432352,-76.4800442,Information Booth (Cornell University), [[42.4431261088926, -76.47993510889259], [42.443344291107394, -76.47993510889259], [42.443344291107394, -76.4801532911074], [42.4431261088926, -76.4801532911074]]
