schoolID, lat, lon, name, around_latitudes
2750,40.7720233,-73.9678792,East 72nd Street Playground, [[40.7719142088926, -73.9677701088926], [40.7721323911074, -73.9677701088926], [40.7721323911074, -73.9679882911074], [40.7719142088926, -73.9679882911074]]
2750,40.7684347,-73.9645828,City University of New York Hunter College, [[40.7683256088926, -73.9644737088926], [40.7685437911074, -73.9644737088926], [40.7685437911074, -73.9646918911074], [40.7683256088926, -73.9646918911074]]
2750,40.7656571,-73.9595827,Richman High School (historical), [[40.7655480088926, -73.9594736088926], [40.765766191107396, -73.9594736088926], [40.765766191107396, -73.9596917911074], [40.7655480088926, -73.9596917911074]]
2750,40.7684347,-73.9662495,School for Deaf, [[40.7683256088926, -73.9661404088926], [40.7685437911074, -73.9661404088926], [40.7685437911074, -73.96635859110741], [40.7683256088926, -73.96635859110741]]
2750,40.7658333,-73.9650000,Saint Vincent Ferrer School, [[40.7657242088926, -73.9648909088926], [40.765942391107394, -73.9648909088926], [40.765942391107394, -73.96510909110741], [40.7657242088926, -73.96510909110741]]
2750,40.7672222,-73.9641667,Kennedy Child Study Center, [[40.7671131088926, -73.9640576088926], [40.767331291107396, -73.9640576088926], [40.767331291107396, -73.96427579110741], [40.7671131088926, -73.96427579110741]]
2750,40.7672222,-73.9641667,Mount Sinai Dispensary (historical), [[40.7671131088926, -73.9640576088926], [40.767331291107396, -73.9640576088926], [40.767331291107396, -73.96427579110741], [40.7671131088926, -73.96427579110741]]
2750,40.7711111,-73.9683333,Richard Morris Hunt Memorial, [[40.7710020088926, -73.9682242088926], [40.771220191107396, -73.9682242088926], [40.771220191107396, -73.9684423911074], [40.7710020088926, -73.9684423911074]]
2750,40.7725000,-73.9616667,Temple Israel, [[40.7723909088926, -73.96155760889259], [40.7726090911074, -73.96155760889259], [40.7726090911074, -73.9617757911074], [40.7723909088926, -73.9617757911074]]
2750,40.7708333,-73.9616667,Central Gospel Chapel, [[40.7707242088926, -73.96155760889259], [40.7709423911074, -73.96155760889259], [40.7709423911074, -73.9617757911074], [40.7707242088926, -73.9617757911074]]
2750,40.7677778,-73.9602778,Lenox Hill Station New York Post Office, [[40.7676687088926, -73.9601687088926], [40.767886891107395, -73.9601687088926], [40.767886891107395, -73.9603868911074], [40.7676687088926, -73.9603868911074]]
2750,40.7658333,-73.9694444,Assisium School, [[40.7657242088926, -73.9693353088926], [40.765942391107394, -73.9693353088926], [40.765942391107394, -73.9695534911074], [40.7657242088926, -73.9695534911074]]
2750,40.7713889,-73.9663889,Birch Wathen School, [[40.7712798088926, -73.9662798088926], [40.771497991107395, -73.9662798088926], [40.771497991107395, -73.9664979911074], [40.7712798088926, -73.9664979911074]]
2750,40.7702778,-73.9594444,Buckley School, [[40.770168708892605, -73.95933530889259], [40.7703868911074, -73.95933530889259], [40.7703868911074, -73.9595534911074], [40.770168708892605, -73.9595534911074]]
2750,40.7686111,-73.9666667,Dominican Academy, [[40.768502008892604, -73.9665576088926], [40.7687201911074, -73.9665576088926], [40.7687201911074, -73.96677579110741], [40.768502008892604, -73.96677579110741]]
2750,40.7652778,-73.9597222,Ella Baker School, [[40.7651687088926, -73.9596131088926], [40.7653868911074, -73.9596131088926], [40.7653868911074, -73.9598312911074], [40.7651687088926, -73.9598312911074]]
2750,40.7652778,-73.9597222,Vanguard High School, [[40.7651687088926, -73.9596131088926], [40.7653868911074, -73.9596131088926], [40.7653868911074, -73.9598312911074], [40.7651687088926, -73.9598312911074]]
2750,40.7655289,-73.9595834,M459 Manhattan International High School, [[40.7654198088926, -73.9594743088926], [40.7656379911074, -73.9594743088926], [40.7656379911074, -73.9596924911074], [40.7654198088926, -73.9596924911074]]
2750,40.7686111,-73.9627778,New York School of Interior Design, [[40.768502008892604, -73.9626687088926], [40.7687201911074, -73.9626687088926], [40.7687201911074, -73.9628868911074], [40.768502008892604, -73.9628868911074]]
2750,40.7686111,-73.9663889,Peter G Peterson Center for International Studies, [[40.768502008892604, -73.9662798088926], [40.7687201911074, -73.9662798088926], [40.7687201911074, -73.9664979911074], [40.768502008892604, -73.9664979911074]]
2750,40.7691667,-73.9655556,Upper East Side Historic District, [[40.7690576088926, -73.9654465088926], [40.7692757911074, -73.9654465088926], [40.7692757911074, -73.9656646911074], [40.7690576088926, -73.9656646911074]]
2750,40.7643160,-73.9635141,Manhattan Eye Ear and Throat Hospital, [[40.764206908892604, -73.9634050088926], [40.7644250911074, -73.9634050088926], [40.7644250911074, -73.9636231911074], [40.764206908892604, -73.9636231911074]]
2750,40.7655289,-73.9595834,M565 Urban Academy Laboratory High School, [[40.7654198088926, -73.9594743088926], [40.7656379911074, -73.9594743088926], [40.7656379911074, -73.9596924911074], [40.7654198088926, -73.9596924911074]]
2750,40.7697222,-73.9644444,Asia Society, [[40.7696131088926, -73.9643353088926], [40.769831291107394, -73.9643353088926], [40.769831291107394, -73.96455349110741], [40.7696131088926, -73.96455349110741]]
2750,40.7691667,-73.9650000,Union Club of New York, [[40.7690576088926, -73.9648909088926], [40.7692757911074, -73.9648909088926], [40.7692757911074, -73.96510909110741], [40.7690576088926, -73.96510909110741]]
2750,40.7691667,-73.9661111,Istituto Italiano Di Cultura, [[40.7690576088926, -73.9660020088926], [40.7692757911074, -73.9660020088926], [40.7692757911074, -73.96622019110741], [40.7690576088926, -73.96622019110741]]
2750,40.7688889,-73.9661111,Spanish Institute, [[40.7687798088926, -73.9660020088926], [40.7689979911074, -73.9660020088926], [40.7689979911074, -73.96622019110741], [40.7687798088926, -73.96622019110741]]
2750,40.7697222,-73.9677778,Republic of Indonesia Delegation To the United Nations, [[40.7696131088926, -73.96766870889259], [40.769831291107394, -73.96766870889259], [40.769831291107394, -73.9678868911074], [40.7696131088926, -73.9678868911074]]
2750,40.7683333,-73.9677778,Egyptian Mission To the United Nations, [[40.768224208892605, -73.96766870889259], [40.7684423911074, -73.96766870889259], [40.7684423911074, -73.9678868911074], [40.768224208892605, -73.9678868911074]]
2750,40.7666667,-73.9658333,Cosmopolitan Club, [[40.766557608892604, -73.9657242088926], [40.7667757911074, -73.9657242088926], [40.7667757911074, -73.9659423911074], [40.766557608892604, -73.9659423911074]]
2750,40.7683333,-73.9688889,Permanent Mission of the Republic of Poland To the United Nations, [[40.768224208892605, -73.96877980889259], [40.7684423911074, -73.96877980889259], [40.7684423911074, -73.9689979911074], [40.768224208892605, -73.9689979911074]]
2750,40.7711111,-73.9669444,Catholic Center for the Blind, [[40.7710020088926, -73.9668353088926], [40.771220191107396, -73.9668353088926], [40.771220191107396, -73.96705349110741], [40.7710020088926, -73.96705349110741]]
2750,40.7672222,-73.9677778,American Federation of the Arts, [[40.7671131088926, -73.96766870889259], [40.767331291107396, -73.96766870889259], [40.767331291107396, -73.9678868911074], [40.7671131088926, -73.9678868911074]]
2750,40.7675000,-73.9697222,Permanent Mission of Pakistan To the United Nations, [[40.7673909088926, -73.9696131088926], [40.767609091107396, -73.9696131088926], [40.767609091107396, -73.96983129110741], [40.7673909088926, -73.96983129110741]]
2750,40.7675000,-73.9688889,Kosciuszko Foundation, [[40.7673909088926, -73.96877980889259], [40.767609091107396, -73.96877980889259], [40.767609091107396, -73.9689979911074], [40.7673909088926, -73.9689979911074]]
2750,40.7650000,-73.9688889,Colony Club, [[40.7648909088926, -73.96877980889259], [40.7651090911074, -73.96877980889259], [40.7651090911074, -73.9689979911074], [40.7648909088926, -73.9689979911074]]
2750,40.7712125,-73.9673607,Frick Collection, [[40.7711034088926, -73.9672516088926], [40.771321591107395, -73.9672516088926], [40.771321591107395, -73.9674697911074], [40.7711034088926, -73.9674697911074]]
2750,40.7672222,-73.9638889,New York Engine Company 39, [[40.7671131088926, -73.9637798088926], [40.767331291107396, -73.9637798088926], [40.767331291107396, -73.9639979911074], [40.7671131088926, -73.9639979911074]]
2750,40.7672222,-73.9638889,New York Ladder Company 16, [[40.7671131088926, -73.9637798088926], [40.767331291107396, -73.9637798088926], [40.767331291107396, -73.9639979911074], [40.7671131088926, -73.9639979911074]]
2750,40.7663889,-73.9677778,Swedish Consulate and Permanent Mission To the United Nations, [[40.766279808892605, -73.96766870889259], [40.7664979911074, -73.96766870889259], [40.7664979911074, -73.9678868911074], [40.766279808892605, -73.9678868911074]]
2750,40.7672222,-73.9638889,Nineteenth Precinct Police Station, [[40.7671131088926, -73.9637798088926], [40.767331291107396, -73.9637798088926], [40.767331291107396, -73.9639979911074], [40.7671131088926, -73.9639979911074]]
2750,40.7675000,-73.9702778,New India House, [[40.7673909088926, -73.9701687088926], [40.767609091107396, -73.9701687088926], [40.767609091107396, -73.97038689110741], [40.7673909088926, -73.97038689110741]]
2750,40.7723969,-73.9695341,Statue, [[40.7722878088926, -73.9694250088926], [40.772505991107394, -73.9694250088926], [40.772505991107394, -73.96964319110741], [40.7722878088926, -73.96964319110741]]
2750,40.7652778,-73.9675000,Third Church of Christ Scientist, [[40.7651687088926, -73.9673909088926], [40.7653868911074, -73.9673909088926], [40.7653868911074, -73.9676090911074], [40.7651687088926, -73.9676090911074]]
2750,40.7655556,-73.9672222,Central Presbyterian Church, [[40.7654465088926, -73.96711310889259], [40.765664691107396, -73.96711310889259], [40.765664691107396, -73.9673312911074], [40.7654465088926, -73.9673312911074]]
2750,40.7711111,-73.9655556,Saint James Episcopal Church, [[40.7710020088926, -73.9654465088926], [40.771220191107396, -73.9654465088926], [40.771220191107396, -73.9656646911074], [40.7710020088926, -73.9656646911074]]
2750,40.7725000,-73.9647222,Madison Avenue Presbyterian Church, [[40.7723909088926, -73.96461310889259], [40.7726090911074, -73.96461310889259], [40.7726090911074, -73.9648312911074], [40.7723909088926, -73.9648312911074]]
2750,40.7722222,-73.9622222,Church of the Resurrection, [[40.772113108892604, -73.9621131088926], [40.7723312911074, -73.9621131088926], [40.7723312911074, -73.9623312911074], [40.772113108892604, -73.9623312911074]]
2750,40.7652778,-73.9588889,First Magyar Reformed Church of the City of New York, [[40.7651687088926, -73.9587798088926], [40.7653868911074, -73.9587798088926], [40.7653868911074, -73.95899799110741], [40.7651687088926, -73.95899799110741]]
2750,40.7688889,-73.9591667,Knox Presbyterian Church (historical), [[40.7687798088926, -73.95905760889259], [40.7689979911074, -73.95905760889259], [40.7689979911074, -73.9592757911074], [40.7687798088926, -73.9592757911074]]
2750,40.7655556,-73.9672222,Park Avenue Baptist Church (historical), [[40.7654465088926, -73.96711310889259], [40.765664691107396, -73.96711310889259], [40.765664691107396, -73.9673312911074], [40.7654465088926, -73.9673312911074]]
2750,40.7669444,-73.9636111,Park East Synagogue, [[40.7668353088926, -73.96350200889259], [40.7670534911074, -73.96350200889259], [40.7670534911074, -73.9637201911074], [40.7668353088926, -73.9637201911074]]
2750,40.7688889,-73.9591667,Saint John the Martyr Catholic Church, [[40.7687798088926, -73.95905760889259], [40.7689979911074, -73.95905760889259], [40.7689979911074, -73.9592757911074], [40.7687798088926, -73.9592757911074]]
2750,40.7727778,-73.9602778,Saint Jean Baptiste Roman Catholic Church, [[40.7726687088926, -73.9601687088926], [40.7728868911074, -73.9601687088926], [40.7728868911074, -73.9603868911074], [40.7726687088926, -73.9603868911074]]
2750,40.7647529,-73.9664485,Lexington Avenue-63rd Street (F), [[40.7646438088926, -73.9663394088926], [40.764861991107395, -73.9663394088926], [40.764861991107395, -73.9665575911074], [40.7646438088926, -73.9665575911074]]
2750,40.7646230,-73.9622450,222 E 65th Street, [[40.7645139088926, -73.96213590889259], [40.7647320911074, -73.96213590889259], [40.7647320911074, -73.9623540911074], [40.7645139088926, -73.9623540911074]]
2750,40.7687028,-73.9597556,Marymount Manhattan College, [[40.7685937088926, -73.95964650889259], [40.7688118911074, -73.95964650889259], [40.7688118911074, -73.9598646911074], [40.7685937088926, -73.9598646911074]]
2750,40.7680160,-73.9642030,E 68th St & Lex Ave, NW corner, [[40.767906908892606, -73.9640939088926], [40.7681250911074, -73.9640939088926], [40.7681250911074, -73.9643120911074], [40.767906908892606, -73.9643120911074]]
2750,40.7679034,-73.9638979,E 68th St & Lex Ave, NE corner, [[40.767794308892604, -73.9637888088926], [40.7680124911074, -73.9637888088926], [40.7680124911074, -73.96400699110741], [40.767794308892604, -73.96400699110741]]
2750,40.7678548,-73.9642753,E 68th St & Lex Ave, SW corner, [[40.767745708892605, -73.96416620889259], [40.7679638911074, -73.96416620889259], [40.7679638911074, -73.9643843911074], [40.767745708892605, -73.9643843911074]]
2750,40.7677727,-73.9640103,E 68th St & Lex Ave, SE corner, [[40.767663608892605, -73.9639012088926], [40.7678817911074, -73.9639012088926], [40.7678817911074, -73.9641193911074], [40.767663608892605, -73.9641193911074]]
2750,40.7689143,-73.9693965,Federation of Yugoslavia Mission To the United Nations, [[40.7688052088926, -73.9692874088926], [40.769023391107396, -73.9692874088926], [40.769023391107396, -73.9695055911074], [40.7688052088926, -73.9695055911074]]
2750,40.7688756,-73.9694188,Temple Beth-El (historical), [[40.768766508892604, -73.9693097088926], [40.7689846911074, -73.9693097088926], [40.7689846911074, -73.9695278911074], [40.768766508892604, -73.9695278911074]]
2750,40.7728694,-73.9701778,Rumsey Playfield Summer Stage, [[40.7727603088926, -73.9700687088926], [40.772978491107395, -73.9700687088926], [40.772978491107395, -73.9702868911074], [40.7727603088926, -73.9702868911074]]
2750,40.7678673,-73.9640766,68th Street-Hunter College (6), [[40.7677582088926, -73.9639675088926], [40.767976391107396, -73.9639675088926], [40.767976391107396, -73.9641856911074], [40.7677582088926, -73.9641856911074]]
2750,40.7680240,-73.9702800,East 65th Street / 5th Avenue, [[40.7679149088926, -73.9701709088926], [40.768133091107394, -73.9701709088926], [40.768133091107394, -73.9703890911074], [40.7679149088926, -73.9703890911074]]
2750,40.7656140,-73.9606900,East 67th Street / 2nd Avenue, [[40.7655049088926, -73.9605809088926], [40.7657230911074, -73.9605809088926], [40.7657230911074, -73.9607990911074], [40.7655049088926, -73.9607990911074]]
2750,40.7665600,-73.9629300,East 67th Street / 3rd Avenue, [[40.7664509088926, -73.9628209088926], [40.766669091107396, -73.9628209088926], [40.766669091107396, -73.9630390911074], [40.7664509088926, -73.9630390911074]]
2750,40.7672350,-73.9645300,East 67th Street / Lexington Avenue, [[40.7671259088926, -73.96442090889259], [40.7673440911074, -73.96442090889259], [40.7673440911074, -73.9646390911074], [40.7671259088926, -73.9646390911074]]
2750,40.7685970,-73.9677660,East 67th Street / Madison Avenue, [[40.7684879088926, -73.9676569088926], [40.7687060911074, -73.9676569088926], [40.7687060911074, -73.9678750911074], [40.7684879088926, -73.9678750911074]]
2750,40.7662400,-73.9602360,East 68th Street / 2nd Avenue, [[40.766130908892606, -73.96012690889259], [40.7663490911074, -73.96012690889259], [40.7663490911074, -73.9603450911074], [40.766130908892606, -73.9603450911074]]
2750,40.7671800,-73.9624700,East 68th Street / 3rd Avenue, [[40.767070908892606, -73.96236090889259], [40.7672890911074, -73.96236090889259], [40.7672890911074, -73.9625790911074], [40.767070908892606, -73.9625790911074]]
2750,40.7678570,-73.9640800,East 68th Street / Lexington Avenue, [[40.7677479088926, -73.96397090889259], [40.7679660911074, -73.96397090889259], [40.7679660911074, -73.9641890911074], [40.7677479088926, -73.9641890911074]]
2750,40.7692200,-73.9673100,East 68th Street / Madison Avenue, [[40.7691109088926, -73.9672009088926], [40.769329091107394, -73.9672009088926], [40.769329091107394, -73.9674190911074], [40.7691109088926, -73.9674190911074]]
2750,40.7697500,-73.9606000,East 72nd Street / 3rd Avenue, [[40.769640908892605, -73.9604909088926], [40.7698590911074, -73.9604909088926], [40.7698590911074, -73.9607090911074], [40.769640908892605, -73.9607090911074]]
2750,40.7697500,-73.9606000,East 72nd Street / 3rd Avenue, [[40.769640908892605, -73.9604909088926], [40.7698590911074, -73.9604909088926], [40.7698590911074, -73.9607090911074], [40.769640908892605, -73.9607090911074]]
2750,40.7704240,-73.9622100,East 72nd Street / Lexington Avenue, [[40.7703149088926, -73.9621009088926], [40.770533091107396, -73.9621009088926], [40.770533091107396, -73.9623190911074], [40.7703149088926, -73.9623190911074]]
2750,40.7704240,-73.9622100,East 72nd Street / Lexington Avenue, [[40.7703149088926, -73.9621009088926], [40.770533091107396, -73.9621009088926], [40.770533091107396, -73.9623190911074], [40.7703149088926, -73.9623190911074]]
2750,40.7717820,-73.9654400,East 72nd Street / Madison Avenue, [[40.771672908892604, -73.9653309088926], [40.7718910911074, -73.9653309088926], [40.7718910911074, -73.9655490911074], [40.771672908892604, -73.9655490911074]]
2750,40.7717820,-73.9654400,East 72nd Street / Madison Avenue, [[40.771672908892604, -73.9653309088926], [40.7718910911074, -73.9653309088926], [40.7718910911074, -73.9655490911074], [40.771672908892604, -73.9655490911074]]
2750,40.7659840,-73.9654500,Lexington Avenue / East 65th Street, [[40.765874908892606, -73.9653409088926], [40.7660930911074, -73.9653409088926], [40.7660930911074, -73.96555909110741], [40.765874908892606, -73.96555909110741]]
2750,40.7678570,-73.9640800,Lexington Avenue / East 68th Street, [[40.7677479088926, -73.96397090889259], [40.7679660911074, -73.96397090889259], [40.7679660911074, -73.9641890911074], [40.7677479088926, -73.9641890911074]]
2750,40.7691100,-73.9631650,Lexington Avenue / East 70th Street, [[40.7690009088926, -73.9630559088926], [40.769219091107395, -73.9630559088926], [40.769219091107395, -73.96327409110741], [40.7690009088926, -73.96327409110741]]
2750,40.7704240,-73.9622100,Lexington Avenue / East 72nd Street, [[40.7703149088926, -73.9621009088926], [40.770533091107396, -73.9621009088926], [40.770533091107396, -73.9623190911074], [40.7703149088926, -73.9623190911074]]
2750,40.7717360,-73.9612500,Lexington Avenue / East 74th Street, [[40.7716269088926, -73.9611409088926], [40.771845091107394, -73.9611409088926], [40.771845091107394, -73.96135909110741], [40.7716269088926, -73.96135909110741]]
2750,40.7648400,-73.9705000,Madison Avenue / East 61st Street, [[40.7647309088926, -73.9703909088926], [40.7649490911074, -73.9703909088926], [40.7649490911074, -73.9706090911074], [40.7647309088926, -73.9706090911074]]
2750,40.7654700,-73.9700400,Madison Avenue / East 62nd Street, [[40.7653609088926, -73.9699309088926], [40.7655790911074, -73.9699309088926], [40.7655790911074, -73.9701490911074], [40.7653609088926, -73.9701490911074]]
2750,40.7660900,-73.9695800,Madison Avenue / East 63rd Street, [[40.7659809088926, -73.96947090889259], [40.766199091107396, -73.96947090889259], [40.766199091107396, -73.9696890911074], [40.7659809088926, -73.9696890911074]]
2750,40.7660900,-73.9695800,Madison Avenue / East 63rd Street, [[40.7659809088926, -73.96947090889259], [40.766199091107396, -73.96947090889259], [40.766199091107396, -73.9696890911074], [40.7659809088926, -73.9696890911074]]
2750,40.7673400,-73.9686700,Madison Avenue / East 65th Street, [[40.7672309088926, -73.9685609088926], [40.767449091107395, -73.9685609088926], [40.767449091107395, -73.96877909110741], [40.7672309088926, -73.96877909110741]]
2750,40.7679670,-73.9682160,Madison Avenue / East 66th Street, [[40.7678579088926, -73.9681069088926], [40.768076091107396, -73.9681069088926], [40.768076091107396, -73.9683250911074], [40.7678579088926, -73.9683250911074]]
2750,40.7685970,-73.9677660,Madison Avenue / East 67th Street, [[40.7684879088926, -73.9676569088926], [40.7687060911074, -73.9676569088926], [40.7687060911074, -73.9678750911074], [40.7684879088926, -73.9678750911074]]
2750,40.7698480,-73.9668500,Madison Avenue / East 69th Street, [[40.769738908892606, -73.96674090889259], [40.7699570911074, -73.96674090889259], [40.7699570911074, -73.9669590911074], [40.769738908892606, -73.9669590911074]]
2750,40.7710950,-73.9659400,Madison Avenue / East 71st Street, [[40.770985908892605, -73.9658309088926], [40.7712040911074, -73.9658309088926], [40.7712040911074, -73.96604909110741], [40.770985908892605, -73.96604909110741]]
2750,40.7717820,-73.9654400,Madison Avenue / East 72nd Street, [[40.771672908892604, -73.9653309088926], [40.7718910911074, -73.9653309088926], [40.7718910911074, -73.9655490911074], [40.771672908892604, -73.9655490911074]]
2750,40.7730980,-73.9644800,Madison Avenue / East 74th Street, [[40.7729889088926, -73.96437090889259], [40.773207091107395, -73.96437090889259], [40.773207091107395, -73.9645890911074], [40.7729889088926, -73.9645890911074]]
2750,40.7703930,-73.9663700,Madison Avenue / E 70th Street, [[40.7702839088926, -73.9662609088926], [40.770502091107396, -73.9662609088926], [40.770502091107396, -73.9664790911074], [40.7702839088926, -73.9664790911074]]
2750,40.7681200,-73.9588600,2nd Avenue / E 71st Street, [[40.768010908892606, -73.9587509088926], [40.7682290911074, -73.9587509088926], [40.7682290911074, -73.9589690911074], [40.768010908892606, -73.9589690911074]]
2750,40.7649840,-73.9611500,2nd Avenue / East 66th Street, [[40.7648749088926, -73.9610409088926], [40.765093091107396, -73.9610409088926], [40.765093091107396, -73.96125909110741], [40.7648749088926, -73.96125909110741]]
2750,40.7662400,-73.9602360,2nd Avenue / East 68th Street, [[40.766130908892606, -73.96012690889259], [40.7663490911074, -73.96012690889259], [40.7663490911074, -73.9603450911074], [40.766130908892606, -73.9603450911074]]
2750,40.7646830,-73.9643000,3rd Avenue / East 64th Street, [[40.7645739088926, -73.96419090889259], [40.764792091107395, -73.96419090889259], [40.764792091107395, -73.9644090911074], [40.7645739088926, -73.9644090911074]]
2750,40.7653100,-73.9638440,3rd Avenue / East 65th Street, [[40.7652009088926, -73.96373490889259], [40.7654190911074, -73.96373490889259], [40.7654190911074, -73.9639530911074], [40.7652009088926, -73.9639530911074]]
2750,40.7665600,-73.9629300,3rd Avenue / East 67th Street, [[40.7664509088926, -73.9628209088926], [40.766669091107396, -73.9628209088926], [40.766669091107396, -73.9630390911074], [40.7664509088926, -73.9630390911074]]
2750,40.7678100,-73.9620100,3rd Avenue / East 69th Street, [[40.7677009088926, -73.9619009088926], [40.767919091107395, -73.9619009088926], [40.767919091107395, -73.96211909110741], [40.7677009088926, -73.96211909110741]]
2750,40.7697500,-73.9606000,3rd Avenue / East 72nd Street, [[40.769640908892605, -73.9604909088926], [40.7698590911074, -73.9604909088926], [40.7698590911074, -73.9607090911074], [40.769640908892605, -73.9607090911074]]
2750,40.7716980,-73.9591800,3rd Avenue / East 75th Street, [[40.7715889088926, -73.9590709088926], [40.7718070911074, -73.9590709088926], [40.7718070911074, -73.95928909110741], [40.7715889088926, -73.95928909110741]]
2750,40.7680240,-73.9702800,5th Avenue / East 65th Street, [[40.7679149088926, -73.9701709088926], [40.768133091107394, -73.9701709088926], [40.768133091107394, -73.9703890911074], [40.7679149088926, -73.9703890911074]]
2750,40.7673900,-73.9707300,5th Avenue / West 64th Street, [[40.7672809088926, -73.9706209088926], [40.767499091107396, -73.9706209088926], [40.767499091107396, -73.97083909110741], [40.7672809088926, -73.97083909110741]]
2750,40.7692680,-73.9693700,5th Avenue / West 67th Street, [[40.7691589088926, -73.9692609088926], [40.769377091107394, -73.9692609088926], [40.769377091107394, -73.9694790911074], [40.7691589088926, -73.9694790911074]]
2750,40.7705150,-73.9684450,5th Avenue / West 69th Street, [[40.770405908892606, -73.9683359088926], [40.7706240911074, -73.9683359088926], [40.7706240911074, -73.9685540911074], [40.770405908892606, -73.9685540911074]]
2750,40.7724570,-73.9670400,5th Avenue / West 72nd Street, [[40.772347908892606, -73.96693090889259], [40.7725660911074, -73.96693090889259], [40.7725660911074, -73.9671490911074], [40.772347908892606, -73.9671490911074]]
2750,40.7489210,-73.9778880,Brothers to the Rescue Corner, [[40.748811908892606, -73.97777890889259], [40.7490300911074, -73.97777890889259], [40.7490300911074, -73.9779970911074], [40.748811908892606, -73.9779970911074]]
2750,40.7794939,-73.9555295,86th Street (4,5,6), [[40.7793848088926, -73.95542040889259], [40.779602991107396, -73.95542040889259], [40.779602991107396, -73.9556385911074], [40.7793848088926, -73.9556385911074]]
2750,40.7433137,-73.9840753,28th Street (6), [[40.743204608892604, -73.9839662088926], [40.7434227911074, -73.9839662088926], [40.7434227911074, -73.9841843911074], [40.743204608892604, -73.9841843911074]]
2750,40.7517736,-73.9769013,42nd Street-Grand Central (S,4,5,6,7), [[40.7516645088926, -73.97679220889259], [40.7518826911074, -73.97679220889259], [40.7518826911074, -73.9770103911074], [40.7516645088926, -73.9770103911074]]
2750,40.7571079,-73.9719085,51st Street (6), [[40.756998808892604, -73.9717994088926], [40.7572169911074, -73.9717994088926], [40.7572169911074, -73.9720175911074], [40.756998808892604, -73.9720175911074]]
2750,40.7184089,-74.0005564,Canal Street (6), [[40.7182998088926, -74.00044730889259], [40.7185179911074, -74.00044730889259], [40.7185179911074, -74.0006654911074], [40.7182998088926, -74.0006654911074]]
2750,40.7155714,-74.0030189,Worth Street (closed), [[40.715462308892604, -74.0029098088926], [40.7156804911074, -74.0029098088926], [40.7156804911074, -74.0031279911074], [40.715462308892604, -74.0031279911074]]
2750,40.7401787,-73.9863823,23rd Street (6), [[40.740069608892604, -73.9862732088926], [40.7402877911074, -73.9862732088926], [40.7402877911074, -73.9864913911074], [40.740069608892604, -73.9864913911074]]
2750,40.7371559,-73.9885998,18th Street (4,6), [[40.7370468088926, -73.9884907088926], [40.737264991107395, -73.9884907088926], [40.737264991107395, -73.98870889110741], [40.7370468088926, -73.98870889110741]]
2750,40.7298513,-73.9913980,Astor Place (6), [[40.7297422088926, -73.9912889088926], [40.7299603911074, -73.9912889088926], [40.7299603911074, -73.99150709110741], [40.7297422088926, -73.99150709110741]]
2750,40.7259471,-73.9946797,Bleecker Street (6), [[40.7258380088926, -73.9945706088926], [40.726056191107396, -73.9945706088926], [40.726056191107396, -73.99478879110741], [40.7258380088926, -73.99478879110741]]
2750,40.7222991,-73.9971846,Spring Street (6), [[40.7221900088926, -73.99707550889259], [40.7224081911074, -73.99707550889259], [40.7224081911074, -73.9972936911074], [40.7221900088926, -73.9972936911074]]
2750,40.7463947,-73.9818293,33rd Street (6), [[40.746285608892606, -73.9817202088926], [40.7465037911074, -73.9817202088926], [40.7465037911074, -73.9819383911074], [40.746285608892606, -73.9819383911074]]
2750,40.7736399,-73.9598468,77th Street (6), [[40.7735308088926, -73.95973770889259], [40.7737489911074, -73.95973770889259], [40.7737489911074, -73.9599558911074], [40.7735308088926, -73.9599558911074]]
2750,40.7858647,-73.9508992,96th Street (6), [[40.7857556088926, -73.95079010889259], [40.785973791107395, -73.95079010889259], [40.785973791107395, -73.9510082911074], [40.7857556088926, -73.9510082911074]]
2750,40.7947888,-73.9443518,110th Street (6), [[40.7946797088926, -73.9442427088926], [40.7948978911074, -73.9442427088926], [40.7948978911074, -73.94446089110741], [40.7946797088926, -73.94446089110741]]
2750,40.7985915,-73.9415679,116th Street (6), [[40.7984824088926, -73.94145880889259], [40.7987005911074, -73.94145880889259], [40.7987005911074, -73.9416769911074], [40.7984824088926, -73.9416769911074]]
2750,40.7902977,-73.9476244,103rd Street (6), [[40.790188608892606, -73.94751530889259], [40.7904067911074, -73.94751530889259], [40.7904067911074, -73.9477334911074], [40.790188608892606, -73.9477334911074]]
2750,40.8043226,-73.9374094,125th Street (4,5,6), [[40.8042135088926, -73.9373003088926], [40.804431691107396, -73.9373003088926], [40.804431691107396, -73.93751849110741], [40.8042135088926, -73.93751849110741]]
2750,40.7123391,-74.0050697,Brooklyn Bridge-City Hall (4,5,6), [[40.712230008892604, -74.0049606088926], [40.7124481911074, -74.0049606088926], [40.7124481911074, -74.00517879110741], [40.712230008892604, -74.00517879110741]]
2750,40.7626902,-73.9678635,59th Street (4,5,6), [[40.762581108892604, -73.9677544088926], [40.7627992911074, -73.9677544088926], [40.7627992911074, -73.96797259110741], [40.762581108892604, -73.96797259110741]]
2750,40.7344188,-73.9898862,14th Street-Union Square (4,5,6), [[40.7343097088926, -73.9897771088926], [40.7345278911074, -73.9897771088926], [40.7345278911074, -73.9899952911074], [40.7343097088926, -73.9899952911074]]
